1
1
97
873 470 39
702 344 187
843 225 137
603 459 223
52 598 147
854 477 172
560 713 193
976 268 78
539 789 27
303 27 201
90 367 247
349 986 80
143 87 151
662 550 245
775 651 246
256 592 117
622 190 233
468 963 39
190 465 70
651 827 55
298 878 192
86 488 129
793 817 231
535 953 229
206 48 101
467 804 71
947 525 45
239 11 218
81 740 95
188 88 44
92 192 184
855 365 26
465 427 85
654 965 185
85 626 2
350 453 253
430 857 17
329 397 224
343 767 73
584 781 168
290 187 209
665 857 89
648 845 29
738 260 25
888 378 63
266 621 21
191 43 179
55 609 246
867 863 72
687 306 91
916 249 231
629 683 173
192 390 20
519 9 159
424 612 32
90 631 221
540 643 35
1016 75 125
169 889 16
304 746 5
580 452 80
284 989 206
33 543 190
1021 951 132
309 733 21
512 439 176
610 686 221
350 554 248
747 230 230
974 881 23
60 916 182
525 420 104
994 420 27
94 338 246
805 15 178
1 990 117
153 502 229
163 4 49
371 302 148
511 516 51
899 541 119
278 584 43
826 385 129
759 559 157
661 130 215
189 394 88
939 265 187
100 230 33
8 844 196
562 1 2
253 594 183
1001 114 191
642 661 89
368 9 29
635 201 169
81 193 150
785 630 51
