1
28
3439
104 973 98
495 235 168
728 462 89
151 277 51
324 444 92
308 752 52
236 281 52
694 146 68
837 110 107
781 923 249
858 755 27
917 573 150
351 775 197
639 663 237
232 297 9
455 595 243
492 952 223
849 963 51
625 985 24
587 328 176
849 543 95
456 180 210
566 372 172
64 945 37
452 452 92
5 823 244
748 996 190
946 831 86
902 165 29
224 568 5
515 548 136
521 458 36
542 553 250
883 22 209
625 850 60
637 248 162
74 195 130
72 411 72
810 4 48
717 897 132
847 358 189
749 393 91
475 4 163
518 693 172
425 974 31
1006 551 170
80 992 65
45 945 43
539 603 47
62 275 117
838 756 59
530 886 245
563 140 56
906 66 83
448 480 125
6 344 167
338 680 206
518 904 120
1019 828 185
202 867 196
163 190 114
566 848 184
240 779 157
287 644 23
871 157 10
555 960 232
171 65 140
85 449 104
880 644 73
901 351 1
399 538 211
975 65 103
516 430 30
828 398 227
715 732 187
578 974 249
957 118 247
498 448 114
44 212 30
1022 390 208
303 436 131
59 672 73
871 368 38
336 434 229
415 416 161
710 739 112
917 283 18
669 874 54
48 706 232
719 479 108
567 921 178
44 332 242
968 587 159
378 751 130
808 463 103
738 545 141
750 457 63
29 292 194
806 503 44
509 794 232
951 580 21
721 8 9
198 123 196
341 268 110
466 704 55
234 782 197
799 213 57
344 990 181
654 580 95
297 306 21
876 583 115
388 314 104
610 951 198
159 159 122
55 106 246
783 596 31
667 878 16
387 327 6
650 603 107
191 485 212
134 512 158
897 483 41
142 762 142
346 1010 89
749 865 194
896 798 174
189 922 107
337 860 46
167 821 137
279 808 216
789 522 147
236 793 153
639 296 132
112 803 214
206 976 211
419 480 81
577 548 215
991 510 182
979 560 103
63 1018 75
718 545 187
310 903 99
288 544 197
169 671 238
911 893 105
992 224 78
790 937 205
332 87 83
954 420 22
893 868 146
327 88 96
381 664 168
775 746 114
561 834 109
900 594 38
301 407 64
431 845 175
1 824 244
462 592 59
134 138 192
67 198 216
14 747 130
637 629 241
839 162 89
645 51 222
563 873 188
604 29 95
542 973 150
879 346 115
149 835 215
757 215 226
296 214 49
592 938 101
730 626 138
868 426 99
988 449 174
1 258 4
583 976 65
973 129 120
731 548 31
194 228 114
555 213 112
678 922 156
508 82 223
38 872 202
748 98 211
407 849 223
460 526 59
982 914 36
165 100 118
515 7 59
576 141 84
819 737 188
349 912 185
126 310 35
849 448 28
524 667 16
223 525 128
945 551 162
27 489 48
791 479 191
298 360 208
808 164 172
288 253 204
73 788 194
697 340 193
913 838 205
330 488 217
311 826 93
801 790 88
127 999 212
457 942 34
668 525 148
1004 223 217
484 600 206
325 231 223
715 14 97
575 370 47
16 961 185
681 460 243
655 112 111
271 273 175
326 423 160
985 869 122
582 806 134
661 936 195
433 523 33
413 30 75
255 583 143
59 533 153
494 329 130
335 936 86
860 788 96
236 105 59
271 369 219
329 790 104
603 661 89
26 638 84
260 8 158
1001 923 152
212 503 64
174 709 23
638 1007 116
100 605 128
844 524 76
763 94 99
342 509 236
487 856 194
972 788 208
689 964 71
328 337 138
30 390 7
854 287 201
385 792 65
883 445 21
957 63 204
974 105 198
70 421 169
600 434 107
551 148 79
129 189 31
830 480 111
791 680 107
248 358 186
376 997 144
141 286 247
648 274 169
880 68 52
249 990 117
780 799 171
209 802 92
592 591 52
786 635 77
202 716 96
440 391 112
228 355 206
940 1022 189
911 407 162
38 711 13
473 913 47
46 614 52
429 922 32
846 314 240
937 10 65
94 42 109
90 328 161
592 924 160
895 63 5
604 387 251
258 287 122
673 288 56
17 291 23
273 283 218
3 757 79
198 952 66
845 227 79
321 13 242
411 648 222
1 160 242
974 118 211
634 505 33
622 672 132
218 724 34
980 963 142
726 983 90
17 486 247
1015 930 152
876 957 164
542 1 111
287 224 78
21 779 9
199 55 134
218 570 28
241 732 94
1005 1001 61
57 916 218
393 137 100
211 888 165
905 748 162
633 526 16
832 336 195
263 641 104
724 481 71
53 216 128
696 455 31
862 965 82
166 805 46
734 849 151
986 937 59
848 963 232
548 523 70
205 373 4
677 500 36
332 912 181
897 794 87
574 647 128
172 834 216
683 64 228
11 935 194
921 223 88
643 505 28
162 1003 216
955 634 55
448 929 41
276 665 199
158 116 133
31 274 228
816 761 50
816 29 209
840 383 254
659 713 123
964 418 192
124 697 15
812 110 113
317 328 14
164 312 50
329 219 118
184 859 209
548 364 79
30 249 18
353 466 41
629 836 149
592 1013 218
471 901 240
136 391 70
289 245 7
576 685 244
219 702 88
775 983 214
554 755 244
254 532 186
928 537 83
1010 177 37
286 743 219
167 316 163
409 450 225
623 284 226
221 941 151
290 364 223
65 302 57
1004 587 243
750 224 103
459 79 172
1002 555 218
180 85 31
576 493 129
837 993 156
307 586 181
937 448 135
894 288 62
461 654 15
237 51 99
150 723 106
599 870 20
538 970 154
448 69 108
778 717 158
340 54 213
662 921 95
470 567 28
912 71 205
245 106 61
18 939 115
445 945 162
708 434 103
60 892 90
37 1011 247
589 718 83
716 521 123
20 210 137
922 906 96
878 442 173
497 657 145
586 275 200
79 726 125
183 470 67
873 537 41
841 543 158
774 913 24
787 198 158
793 479 123
609 923 192
645 385 74
71 530 2
440 188 217
812 669 251
1024 674 16
800 795 184
1016 1018 213
395 665 105
199 468 65
905 974 81
724 654 107
425 943 30
859 981 82
492 80 169
838 358 131
862 101 190
572 79 99
367 534 191
688 141 197
807 203 227
923 533 202
942 900 14
9 331 45
419 466 14
8 234 253
338 872 152
452 957 215
728 642 61
377 8 61
135 596 11
27 634 150
277 365 175
402 109 39
782 692 125
582 229 126
570 1000 128
492 411 166
883 314 27
58 898 40
588 188 237
263 496 219
715 820 54
671 57 78
81 843 228
894 237 235
827 197 185
74 748 5
965 142 189
225 403 9
20 73 246
121 88 84
538 758 237
133 236 113
716 972 147
378 149 235
552 522 126
670 654 164
854 450 202
423 870 109
445 411 145
904 498 4
413 696 136
540 433 159
978 488 147
1019 661 225
942 667 109
474 320 161
207 347 92
760 711 110
550 711 73
601 656 163
794 550 143
464 899 209
461 496 224
692 118 116
592 840 32
894 66 1
977 337 157
323 460 220
350 104 42
549 28 238
19 214 105
601 495 38
633 763 102
508 151 45
826 304 42
401 1 18
961 823 245
998 757 124
477 376 20
438 179 129
203 643 205
204 408 22
226 239 28
331 524 133
727 459 40
920 822 57
393 719 205
118 591 58
205 686 227
494 779 111
700 270 206
307 116 176
604 208 143
645 897 110
710 491 154
1007 447 67
146 759 220
376 794 20
776 761 213
246 498 26
358 770 1
451 656 110
1017 432 154
937 941 116
454 419 163
618 830 29
354 851 204
610 5 217
754 9 30
775 83 123
900 421 205
825 736 41
704 605 254
786 356 151
482 758 225
461 140 226
382 17 142
215 244 86
921 511 183
247 905 47
74 582 153
979 408 30
770 385 110
244 661 97
21 899 13
164 26 46
765 402 195
258 844 148
863 160 251
474 398 9
813 102 154
550 310 165
389 823 94
521 829 128
305 38 229
165 545 230
895 689 112
630 105 23
512 166 216
773 4 58
646 628 6
1024 159 121
66 345 222
518 224 38
374 261 184
467 29 127
809 229 22
413 970 220
561 349 189
275 81 138
166 714 31
22 390 118
264 1004 227
3 896 160
774 329 252
479 225 199
335 278 26
317 615 144
187 836 241
197 220 78
585 49 78
616 58 243
266 527 14
667 55 83
731 845 13
420 525 173
958 387 118
292 686 127
683 944 48
248 944 97
603 181 5
200 584 128
126 953 111
1023 405 132
643 746 97
443 754 171
222 543 27
691 788 28
805 585 121
617 324 186
246 88 60
602 566 248
545 979 95
877 320 112
263 453 107
323 901 40
72 176 43
487 840 74
908 900 219
482 612 226
662 752 21
215 401 123
294 928 73
329 132 30
826 292 106
829 987 242
613 382 130
700 467 62
673 507 33
539 526 176
670 513 222
111 934 244
959 897 195
297 596 190
815 592 106
332 620 53
670 260 13
330 254 37
462 587 101
626 874 60
345 932 207
597 677 233
214 315 76
388 852 117
515 966 26
705 530 33
462 360 100
239 22 7
392 591 119
619 160 227
305 81 19
274 1016 90
52 388 89
913 139 27
469 974 64
448 994 47
504 215 20
211 985 158
129 749 61
430 437 57
870 344 82
449 254 84
1004 430 175
266 933 239
463 658 39
742 559 105
618 219 15
610 510 134
356 720 201
743 271 13
982 236 47
825 755 86
377 786 202
93 728 75
75 435 205
554 849 87
759 570 250
643 517 83
752 326 22
585 366 115
970 1004 223
537 429 8
473 578 69
961 435 171
44 321 75
35 364 79
263 687 139
70 912 212
16 699 60
158 520 27
1014 909 56
447 448 60
799 276 242
346 861 104
104 81 113
534 438 96
465 234 105
572 1018 53
365 97 250
853 65 164
591 939 243
1017 481 46
572 632 129
5 82 14
103 833 15
276 360 65
61 752 16
770 345 117
939 151 130
505 415 16
409 648 142
894 1008 46
399 510 160
108 379 152
521 914 247
702 240 95
959 293 29
860 388 190
227 977 132
822 70 122
91 62 92
228 283 67
954 484 52
139 1017 29
486 838 168
502 109 53
442 67 132
803 907 219
342 78 90
545 639 130
270 389 91
108 136 124
130 315 96
30 629 45
1010 8 87
799 656 164
1003 667 1
807 683 78
302 499 37
447 100 29
706 767 191
475 871 14
385 570 7
511 926 191
519 215 13
21 836 23
281 176 43
929 475 181
381 895 141
500 209 126
456 48 106
506 308 3
239 333 103
597 909 43
896 948 95
848 259 142
1016 39 231
371 975 183
691 86 234
970 799 52
5 258 160
216 210 93
664 331 222
1011 421 244
54 593 123
122 877 186
760 671 45
171 903 199
219 565 54
651 124 246
1009 316 120
842 370 110
257 127 104
448 252 229
617 369 138
767 731 113
614 574 194
4 727 82
257 316 14
732 299 250
910 434 149
644 380 125
490 197 182
545 498 124
941 802 119
40 928 105
592 699 121
501 114 167
990 512 161
898 234 230
30 374 56
918 10 192
765 124 203
391 711 165
723 54 160
307 845 54
821 877 176
821 528 193
801 687 44
326 765 158
763 115 39
716 804 90
400 867 102
170 606 207
524 511 17
183 915 86
765 404 84
228 39 129
5 205 208
972 21 97
786 195 49
362 590 18
35 841 18
787 433 70
398 559 126
900 76 58
768 224 240
296 576 166
319 368 48
912 8 32
669 811 176
1013 766 102
131 744 41
20 814 5
934 477 144
862 979 251
989 461 190
728 936 73
485 917 104
762 147 166
777 701 136
992 711 172
706 763 87
103 473 61
460 447 5
789 540 81
588 327 93
310 105 140
219 147 217
932 918 147
435 565 157
826 832 215
361 31 151
134 0 80
130 662 208
926 291 132
484 804 142
126 627 180
443 962 79
499 352 104
633 728 209
454 899 210
251 657 222
903 87 33
724 322 234
712 500 250
957 1009 8
285 361 164
535 565 12
312 679 163
142 458 44
255 492 236
112 273 254
983 878 77
542 547 225
584 1004 55
642 928 227
740 776 67
290 640 59
100 482 189
10 530 116
566 454 207
939 456 227
344 951 239
635 126 171
251 395 46
978 553 42
670 261 84
898 1021 255
909 772 66
147 198 71
803 727 62
482 302 151
603 334 65
813 924 97
433 890 223
172 414 148
670 523 102
403 603 166
914 597 28
985 605 193
466 316 32
134 823 218
582 248 231
272 416 252
386 46 120
782 417 237
134 839 45
898 565 162
570 755 38
393 178 164
837 727 112
830 442 106
70 805 124
106 482 98
947 661 115
595 753 124
871 474 193
35 111 155
710 681 171
446 894 236
264 748 58
240 288 133
116 102 148
784 382 91
206 226 228
878 763 194
971 151 128
63 576 26
163 413 253
808 188 52
841 86 14
397 427 110
926 661 8
635 185 216
185 631 26
691 891 160
300 194 212
425 937 159
358 269 255
359 908 250
906 553 31
342 120 156
928 205 69
846 60 142
709 397 252
675 759 160
192 693 211
171 986 20
173 758 185
956 343 23
156 742 117
570 106 14
870 525 23
917 437 136
983 63 71
78 841 51
842 947 51
256 419 35
464 340 212
633 984 134
567 521 146
31 1009 105
704 543 1
849 129 121
764 772 51
306 915 1
692 626 200
288 96 201
739 169 169
713 882 247
71 467 246
844 598 204
268 594 157
118 62 5
957 864 231
635 969 11
349 152 124
205 824 255
763 879 11
418 189 79
58 868 108
122 598 4
480 465 150
1000 764 199
105 837 252
206 763 92
271 288 166
427 521 255
753 902 164
931 408 145
980 803 110
998 138 186
785 355 116
443 953 59
791 859 49
931 394 72
131 195 55
788 547 134
663 953 206
848 785 156
22 313 199
385 817 181
983 934 98
86 1016 175
288 122 37
573 171 189
765 960 192
111 802 214
734 118 13
665 385 182
216 394 61
668 589 117
814 233 38
236 171 243
920 115 137
318 391 89
313 853 69
123 717 224
340 625 149
22 176 29
907 296 82
436 958 186
492 534 143
546 201 221
675 905 84
370 461 156
132 26 248
276 639 75
649 39 74
1014 503 171
628 5 243
931 930 235
574 80 115
917 452 70
933 859 77
942 892 126
710 931 239
798 288 132
163 390 120
646 724 84
974 390 27
498 803 90
831 971 149
540 122 28
350 485 40
929 310 243
492 480 84
180 1009 25
116 25 77
613 331 106
911 541 243
236 976 124
686 424 57
7 284 46
533 252 105
361 1020 61
83 14 37
533 404 122
233 437 149
474 85 123
894 841 195
210 494 160
6 445 21
362 617 25
732 816 139
534 266 180
348 907 90
161 1004 168
428 893 23
794 888 40
483 367 44
673 537 91
921 753 150
654 572 54
686 511 7
734 0 80
904 541 119
557 23 204
330 881 80
582 415 132
789 66 202
283 853 229
355 726 153
290 462 99
173 997 85
415 116 83
632 537 148
95 872 169
698 810 101
621 365 169
648 841 158
816 88 1
569 393 216
934 534 78
629 947 208
758 943 222
575 397 213
811 421 146
678 515 16
372 1014 208
241 886 153
725 8 126
524 379 133
92 286 43
592 422 53
774 481 207
362 571 224
581 390 126
304 194 31
598 155 18
696 559 226
461 965 99
41 727 168
520 888 141
630 198 98
969 682 78
496 184 214
33 294 44
822 356 162
176 93 182
798 902 33
612 761 144
937 507 75
147 19 215
88 887 18
1018 763 124
15 675 224
127 111 165
434 476 60
942 662 69
875 870 51
459 644 191
340 352 105
115 441 205
547 19 120
302 293 108
347 335 14
405 246 118
836 570 29
555 286 135
774 154 51
415 994 254
509 752 39
632 528 38
541 572 179
394 697 151
229 230 213
628 172 197
820 649 32
726 644 221
168 528 103
541 693 22
76 973 160
40 339 169
269 404 148
930 205 237
608 733 10
224 591 27
275 74 251
981 466 174
194 774 49
183 163 144
218 499 148
246 246 253
970 874 141
181 39 34
518 639 48
816 417 207
400 666 157
781 696 128
671 845 198
231 918 136
177 184 20
764 597 173
948 789 210
20 478 64
205 200 243
379 440 111
619 822 200
355 857 141
964 155 10
248 126 186
503 66 68
940 393 203
180 96 237
721 702 31
368 400 166
784 267 245
258 184 195
444 603 245
316 922 138
72 855 101
86 3 170
770 217 160
23 206 52
265 467 3
755 352 146
768 537 205
397 12 26
424 924 38
704 482 99
63 200 76
788 520 28
845 350 230
233 633 145
928 8 175
519 488 145
503 911 107
240 504 158
23 134 149
143 623 57
842 960 64
639 611 32
24 667 169
173 253 231
622 120 182
311 218 144
761 560 67
529 40 146
731 870 23
667 289 239
530 1018 209
221 484 105
713 865 238
797 125 83
653 323 38
769 495 130
539 959 156
416 408 9
644 566 175
724 950 60
857 476 57
261 716 55
26 1002 85
372 995 111
1012 619 141
995 215 53
417 563 255
240 626 87
987 194 41
823 284 13
105 262 2
422 522 224
155 241 182
666 592 55
790 843 254
584 955 39
663 111 32
887 548 146
303 893 52
638 221 52
778 588 80
148 451 237
183 933 189
623 145 252
22 675 162
58 207 57
228 694 73
586 924 245
634 335 180
1013 407 106
568 801 58
288 398 42
321 675 141
292 583 80
357 21 68
313 919 55
906 806 1
4 322 63
221 420 226
638 294 212
239 734 79
36 171 70
946 353 30
301 87 95
829 329 212
445 291 99
449 394 56
534 442 174
355 25 213
956 624 14
13 899 129
613 829 255
512 425 72
162 60 124
874 88 210
607 864 64
135 490 213
844 281 254
70 963 216
923 768 150
185 645 114
157 219 138
892 661 65
1017 72 227
947 401 133
113 676 137
704 15 162
227 733 241
1018 755 146
389 398 232
975 1019 218
966 458 96
185 300 128
506 138 85
142 545 153
574 995 215
475 909 19
536 223 21
242 116 169
384 656 104
801 947 108
217 170 210
445 341 236
23 288 33
114 135 94
526 806 247
903 510 254
748 390 249
400 845 67
811 808 54
635 644 127
577 590 10
241 965 66
965 627 160
434 728 242
985 21 45
218 90 149
943 742 175
374 179 175
598 559 243
180 116 28
146 915 189
83 338 90
1019 585 242
716 934 17
929 908 170
99 638 138
118 424 209
992 460 161
589 227 232
398 812 206
809 5 155
60 449 84
89 704 82
315 145 189
687 936 228
275 582 199
123 77 167
1016 40 222
266 541 23
22 415 187
306 890 124
861 919 92
789 631 9
460 162 221
388 167 34
836 554 179
191 73 57
511 250 50
90 927 117
355 5 229
855 243 201
794 970 186
878 601 194
179 242 78
357 707 192
28 148 34
921 296 239
46 676 35
719 487 166
930 549 224
1021 372 213
261 125 18
999 922 135
40 224 80
418 569 64
186 516 95
928 637 24
83 77 51
667 160 17
458 408 183
427 923 70
360 184 176
359 679 186
813 920 250
252 597 21
787 410 71
541 345 219
576 346 192
710 347 120
780 629 240
570 764 58
413 338 200
83 642 134
479 855 139
483 174 28
674 978 177
554 53 119
597 211 109
924 198 143
381 74 28
564 198 36
74 115 32
646 683 72
887 587 62
257 874 249
68 462 15
938 694 104
1020 127 180
960 835 41
199 854 83
517 46 239
55 970 16
175 637 41
350 1008 225
176 746 77
272 449 17
577 647 253
955 16 83
421 563 147
662 214 155
228 156 149
834 713 83
631 195 215
309 117 170
675 834 16
649 952 59
73 754 253
947 485 36
633 82 29
43 951 44
506 441 94
969 720 172
877 453 207
228 181 5
590 169 5
527 962 167
903 241 72
485 315 20
60 234 23
245 955 9
984 269 169
149 416 110
538 174 230
779 859 26
742 314 237
869 584 183
470 850 138
854 384 148
916 175 232
81 664 97
460 107 49
589 201 248
898 639 109
255 23 143
161 23 52
136 754 132
777 125 146
750 89 114
136 839 174
980 704 242
867 191 39
223 289 181
980 996 188
1005 692 38
930 755 148
438 1024 244
218 890 81
85 926 31
200 954 204
707 850 53
855 764 40
561 358 131
230 202 233
995 136 121
928 942 218
130 666 202
153 966 97
495 961 239
511 71 84
569 656 69
348 446 32
790 81 4
920 351 252
328 159 6
721 864 50
91 125 219
699 474 238
1006 778 83
101 436 199
888 346 60
788 173 143
361 888 191
645 320 176
316 437 210
979 914 93
228 796 109
388 398 245
829 344 40
702 589 232
306 783 45
524 999 126
306 255 212
586 1016 154
996 964 91
537 642 99
157 474 107
384 225 249
675 19 116
247 3 15
379 358 10
10 544 214
539 146 74
338 814 99
491 259 219
192 9 251
572 718 93
970 161 173
990 208 140
1023 746 162
200 333 7
886 816 69
1003 704 239
269 891 145
864 51 67
338 24 103
738 640 126
475 145 90
653 278 97
125 408 53
170 182 177
488 548 135
518 154 252
990 680 4
445 863 122
831 612 127
398 418 118
453 536 138
872 327 199
699 194 31
434 964 1
892 281 88
426 333 88
657 913 249
763 703 158
106 829 90
873 704 74
422 72 86
611 267 2
33 753 142
472 759 16
588 63 49
535 316 53
153 929 5
801 278 253
467 69 175
370 1015 245
281 526 61
431 674 221
81 179 92
303 823 102
386 1023 18
625 387 234
904 507 204
171 274 69
518 718 239
439 481 110
149 994 9
158 194 35
455 775 225
959 999 243
137 85 134
385 978 133
208 558 231
819 393 227
975 607 88
535 366 52
633 868 186
1010 140 163
593 591 71
280 667 245
311 413 168
557 252 171
54 368 3
65 427 116
278 851 30
25 21 142
83 516 41
146 243 9
978 704 237
231 256 235
390 600 231
526 592 55
397 737 118
933 696 25
590 595 239
599 116 171
341 400 31
787 150 174
493 1015 222
469 93 237
971 304 209
284 154 196
295 245 158
324 799 11
978 192 153
839 31 74
282 483 55
813 824 171
405 932 86
832 657 234
350 61 10
458 305 108
918 109 206
48 378 108
529 9 57
452 311 8
540 716 238
985 908 184
183 28 230
32 245 142
387 732 155
370 578 173
66 847 59
310 116 46
540 363 177
68 491 55
459 715 117
111 684 34
87 16 113
583 692 150
65 722 171
917 251 243
999 177 8
973 794 60
142 633 160
415 895 245
777 645 209
195 859 88
978 37 179
506 806 39
226 437 138
335 639 237
103 871 183
184 998 250
22 676 66
921 313 230
185 350 57
313 105 85
984 685 93
900 784 187
429 765 141
735 472 138
820 433 46
151 641 31
152 350 232
877 753 63
98 442 27
659 922 212
871 774 100
81 291 178
653 770 177
416 123 63
660 558 62
374 174 123
717 368 189
510 73 19
699 76 231
671 488 71
330 16 213
957 455 131
731 793 232
984 876 217
189 667 52
456 192 19
437 172 48
416 505 166
614 300 198
894 437 218
629 768 189
292 921 217
422 767 88
110 426 230
666 833 233
787 715 244
697 130 151
246 825 208
143 363 237
201 984 188
425 370 247
13 172 19
527 393 254
394 130 255
864 779 14
164 325 119
697 241 221
716 1002 99
139 193 169
744 341 86
173 700 113
785 158 242
540 445 91
473 531 240
646 830 238
29 639 184
523 729 148
488 515 233
499 678 118
792 393 153
861 895 237
701 542 47
984 852 196
817 271 105
783 976 134
272 226 161
285 71 234
709 682 40
925 15 102
946 909 161
193 456 252
778 856 212
1017 951 90
379 508 159
642 408 108
659 637 143
385 741 124
1017 903 146
813 46 70
971 489 76
573 377 4
492 936 160
365 219 28
86 116 201
467 567 24
769 152 85
310 855 157
949 105 44
978 122 56
157 425 89
24 387 43
697 475 141
897 47 7
960 799 78
467 168 207
607 1009 25
966 18 60
387 451 49
312 70 162
136 227 158
34 188 36
616 1013 35
71 418 104
696 1006 239
875 369 170
549 100 167
173 427 31
794 906 8
401 866 95
30 304 249
538 830 9
762 848 243
642 106 44
215 664 254
161 967 56
294 857 139
477 108 92
779 224 56
689 154 72
350 713 145
125 414 222
467 908 40
862 508 212
1012 229 41
652 919 204
389 539 89
176 7 151
57 211 230
987 373 97
857 659 162
208 1021 89
161 17 163
891 450 143
245 849 97
170 668 116
246 945 187
128 354 239
577 435 63
569 846 178
418 160 70
653 891 20
249 932 67
839 713 238
908 141 155
539 384 88
217 829 33
825 326 72
29 413 132
31 836 127
754 494 238
351 903 52
893 890 91
501 637 202
526 996 174
732 351 232
567 564 114
144 868 141
200 12 144
882 397 94
668 724 117
383 769 185
361 187 17
577 253 45
533 205 38
869 643 190
918 228 197
927 728 54
282 626 116
164 656 66
450 224 245
705 704 31
802 441 198
691 3 250
75 594 6
946 267 111
553 852 223
121 950 37
588 231 5
614 915 212
731 135 25
874 757 63
113 590 171
1007 243 85
34 168 120
199 412 109
490 425 107
62 239 112
682 435 225
571 367 35
340 295 77
881 665 82
658 98 131
963 70 127
206 288 2
502 135 91
933 29 213
261 486 206
817 501 202
280 184 83
571 526 10
947 361 99
156 543 90
318 439 116
494 418 79
590 500 162
25 732 253
960 631 109
610 494 47
822 541 45
150 568 170
17 688 118
595 530 128
101 4 138
961 514 76
783 216 243
886 238 243
316 49 7
706 480 9
705 501 133
45 531 45
562 40 94
110 763 222
308 866 248
185 252 231
712 872 159
522 183 178
662 625 160
812 391 5
560 899 10
151 749 149
638 494 100
453 82 59
792 431 195
957 401 250
949 435 9
690 799 199
317 685 114
125 839 18
407 639 194
933 279 238
691 733 82
571 214 203
739 142 147
649 721 159
584 516 28
6 338 221
328 695 233
26 756 228
128 793 78
336 454 142
901 381 69
233 398 213
809 335 204
507 853 132
543 104 48
581 64 176
714 963 37
316 446 211
455 53 168
997 15 72
604 902 144
527 613 198
313 497 2
905 146 48
692 565 109
548 317 72
798 181 130
392 594 53
16 40 125
654 985 191
645 704 16
590 882 78
14 500 42
319 372 164
741 574 55
637 67 55
169 58 7
13 97 160
408 802 242
909 202 135
31 24 79
964 350 143
306 547 97
693 717 167
258 842 105
371 446 92
368 971 50
911 808 53
758 209 40
641 244 47
639 1020 246
963 341 232
951 747 229
754 568 117
834 738 182
249 590 208
624 361 218
711 174 70
21 925 108
303 238 173
803 797 51
113 196 184
901 251 21
374 483 142
432 933 229
456 910 149
855 528 22
647 671 2
866 53 211
981 518 181
621 663 162
393 45 229
248 986 176
339 78 123
604 525 188
842 172 165
76 154 79
908 134 69
488 767 134
430 371 133
1014 511 129
78 938 222
735 558 67
775 135 235
568 129 66
244 727 36
927 1023 224
278 86 165
681 884 253
361 269 224
374 595 137
187 456 132
105 811 52
192 707 232
323 812 232
773 694 175
366 588 234
123 898 136
754 653 232
475 230 197
278 392 40
449 752 82
137 381 219
499 828 71
652 513 206
87 410 158
80 508 143
791 23 142
534 196 114
795 944 198
917 486 234
955 483 107
909 923 226
654 665 59
845 588 76
227 73 51
1010 143 226
883 895 92
32 989 104
641 438 188
802 585 175
493 337 163
94 647 25
988 78 199
274 228 54
743 594 106
184 115 196
373 84 46
468 20 1
786 890 84
876 744 236
367 266 251
772 250 43
925 342 34
715 472 45
529 314 214
110 492 33
683 758 230
295 382 113
1013 586 29
839 286 34
512 939 11
648 802 73
337 866 49
260 36 219
145 670 196
455 679 121
878 486 35
280 473 156
763 508 209
42 879 248
508 166 224
61 731 215
677 443 65
631 318 220
728 879 10
358 110 64
764 137 154
105 588 199
576 785 208
489 487 244
869 151 138
156 508 223
148 295 160
883 543 114
662 522 212
540 971 131
781 427 224
255 603 205
414 562 219
589 659 216
812 979 206
561 131 101
352 395 159
449 550 75
636 593 176
804 600 183
130 359 122
472 915 78
787 364 137
197 748 196
7 15 75
111 212 123
408 489 2
701 735 44
658 747 28
142 160 92
508 270 93
725 712 249
91 877 105
828 720 185
767 778 226
536 363 109
411 122 249
860 723 37
577 857 253
892 560 153
684 243 102
742 1010 39
37 729 125
624 304 86
355 188 144
143 242 102
866 690 130
662 736 51
353 700 152
898 513 182
330 955 166
547 84 224
959 866 83
483 463 225
33 540 43
760 757 111
629 163 163
471 252 37
611 473 158
354 731 229
30 972 115
721 923 122
581 303 225
729 535 59
55 412 157
717 22 82
891 669 215
763 557 157
157 823 226
1017 690 141
921 193 201
841 370 108
878 831 193
447 764 60
423 405 250
566 472 103
831 956 187
619 353 138
335 723 224
431 77 48
469 1023 60
234 619 211
814 1024 67
291 98 88
416 689 42
698 838 212
705 107 156
280 299 109
396 879 69
376 849 207
932 534 159
1018 725 225
647 52 187
747 567 166
102 562 128
801 953 116
575 448 172
471 588 104
803 587 203
289 100 25
96 703 8
507 585 210
947 647 15
548 503 201
111 547 159
668 799 32
43 31 78
630 304 99
465 150 129
323 500 80
676 127 151
171 970 95
985 541 17
299 755 152
26 220 192
542 1004 212
637 13 61
912 397 171
282 777 10
477 470 225
119 495 126
969 1015 89
888 616 33
709 515 143
997 633 223
191 228 121
853 401 104
829 869 88
309 282 6
24 252 114
996 861 253
281 675 62
815 228 248
466 75 47
523 375 154
865 19 26
294 202 180
168 461 103
113 295 125
951 847 233
540 757 62
32 194 54
1018 551 40
636 918 239
574 100 159
499 427 223
983 267 244
734 658 157
629 638 61
638 652 218
228 330 189
932 646 83
908 211 49
619 19 26
325 986 199
510 961 67
10 513 79
764 236 132
817 253 73
337 653 171
24 704 211
275 29 107
52 452 235
210 671 135
224 12 141
577 971 88
500 577 216
1 468 92
836 375 184
228 165 122
796 146 38
983 42 232
580 481 149
636 690 68
507 194 150
155 190 84
717 906 136
454 57 217
205 599 210
397 551 10
1000 821 155
670 120 147
349 199 142
162 358 117
358 474 122
854 107 175
950 931 105
106 535 12
102 598 218
597 60 99
69 647 149
669 389 164
764 763 8
798 200 239
936 952 155
417 886 138
275 380 132
8 344 185
103 550 4
896 864 255
438 764 24
595 338 208
1013 36 76
7 851 53
955 735 28
106 990 142
386 601 95
639 807 38
38 521 58
874 384 190
979 983 176
269 366 214
84 715 99
750 639 242
740 586 93
142 511 90
641 932 235
928 594 68
166 566 5
526 658 41
502 772 156
812 451 139
221 176 13
844 812 255
305 803 121
841 528 102
655 38 207
417 538 221
233 539 12
390 295 101
940 552 188
375 101 12
587 76 228
303 446 185
82 814 4
855 17 1
522 630 13
375 52 36
621 534 84
53 269 153
181 562 237
903 82 194
631 592 94
729 205 39
306 560 95
280 4 133
457 0 79
284 454 240
511 899 95
109 286 226
599 577 191
22 316 91
881 522 46
1001 604 228
321 1013 252
485 365 7
478 279 117
343 531 194
507 485 139
710 983 133
54 178 90
619 778 208
852 321 178
230 128 32
209 695 64
534 369 47
788 243 144
738 268 142
164 623 193
127 351 39
358 496 175
750 69 112
810 81 234
40 923 19
23 932 202
504 596 39
596 1013 122
578 30 29
721 415 26
846 865 247
947 284 137
51 838 68
665 594 183
332 819 174
293 371 221
650 923 159
435 874 156
891 501 152
691 675 107
562 992 161
905 61 92
753 289 89
342 544 46
736 543 151
17 875 184
745 3 24
984 734 170
327 664 91
478 392 108
604 197 39
397 544 179
304 615 153
658 577 20
411 199 8
938 273 231
732 956 163
647 868 136
504 826 25
649 600 250
586 333 72
727 774 103
115 640 124
474 268 60
246 850 62
120 152 149
240 495 145
968 381 173
393 290 17
256 692 201
992 11 37
86 545 148
266 74 212
33 649 89
475 457 75
130 824 161
602 885 204
906 591 184
869 135 111
162 294 119
316 254 46
574 836 240
345 864 233
446 485 82
899 743 74
709 238 86
806 799 55
669 393 77
687 366 1
260 623 112
717 950 231
948 146 231
34 262 97
874 387 95
904 607 98
174 763 117
575 117 185
857 28 111
190 987 12
624 851 24
431 329 123
301 70 64
176 643 55
423 1002 103
195 7 238
381 249 133
231 282 88
797 484 42
291 1018 68
877 184 112
819 601 20
412 359 73
846 533 131
873 432 155
472 495 59
642 254 99
353 313 36
13 1013 144
526 767 105
543 459 138
807 542 100
208 2 23
360 303 57
412 10 232
721 905 188
642 326 23
595 44 190
752 491 41
103 789 79
288 227 17
16 188 188
758 806 56
674 583 50
383 584 75
660 799 234
386 973 163
309 24 49
644 11 131
769 600 223
988 428 128
377 863 41
529 616 125
445 990 66
978 324 44
309 445 29
967 767 160
542 564 117
713 196 132
698 882 184
991 517 217
225 325 209
1004 647 70
949 285 148
876 687 205
40 387 47
605 421 202
209 201 3
319 845 95
148 332 240
239 305 251
843 757 72
125 170 79
231 37 87
631 122 9
66 657 41
235 528 178
2 922 152
330 127 61
832 317 98
524 814 101
743 649 105
89 517 123
811 563 189
390 850 93
615 951 25
1014 192 12
605 556 226
551 136 134
818 723 49
192 80 50
246 688 134
495 101 21
938 637 118
552 930 3
228 778 120
925 488 52
82 37 16
810 207 94
796 340 110
800 761 141
357 867 228
153 13 58
656 348 48
927 88 246
600 563 145
940 556 197
72 918 49
373 817 125
109 550 33
271 302 13
197 371 175
623 677 140
204 293 143
974 60 220
93 657 254
672 1021 235
311 99 243
879 759 161
393 886 250
454 682 250
131 372 248
5 878 28
27 681 186
786 509 187
31 156 128
99 205 96
731 49 138
697 220 52
249 558 185
141 487 221
770 827 79
252 97 220
573 180 123
939 286 208
629 588 154
245 244 74
649 284 4
555 726 146
151 327 163
920 91 1
247 928 36
498 979 157
888 52 82
135 167 76
356 100 119
479 166 99
714 175 24
90 224 68
408 917 177
717 1008 132
743 392 100
484 0 191
13 862 121
748 59 153
944 507 153
402 415 84
744 496 50
618 276 85
712 3 4
841 893 62
418 213 157
599 37 231
1021 556 8
442 693 227
152 819 226
156 625 143
674 78 3
638 215 106
264 96 201
492 209 189
421 980 201
617 598 99
108 425 126
241 848 53
67 566 178
254 29 135
967 373 81
440 120 174
744 401 229
590 110 41
752 381 26
41 830 159
936 901 43
736 288 250
500 199 241
192 105 194
248 270 181
589 629 184
304 689 19
623 820 134
357 262 65
451 792 220
13 352 221
841 948 22
312 378 164
269 570 242
813 467 82
433 155 239
841 111 147
393 419 227
241 186 235
863 692 31
749 206 128
43 872 5
466 415 119
567 849 44
748 416 127
881 638 12
358 517 158
719 848 211
999 197 124
856 465 219
515 292 45
831 881 192
174 505 57
152 22 24
806 317 180
996 566 182
105 28 112
216 926 223
761 379 225
927 411 103
864 601 229
772 855 142
933 827 239
257 655 104
820 37 7
494 729 118
684 531 191
953 165 200
515 226 30
585 350 90
170 29 5
692 585 82
534 969 35
907 504 207
261 34 247
421 34 186
76 917 249
32 196 180
301 65 91
691 735 163
786 496 29
780 315 88
883 206 236
732 471 242
598 260 95
324 923 22
1010 418 199
687 667 29
508 962 142
702 601 221
812 898 74
816 172 49
578 196 249
194 856 204
950 321 140
329 137 215
528 599 121
657 22 193
700 165 12
320 742 53
967 446 200
534 343 82
798 565 139
25 805 40
952 161 16
724 685 175
837 546 81
61 301 56
246 412 212
504 449 254
549 913 74
185 165 251
278 113 124
687 883 42
217 779 48
420 137 236
997 707 207
785 418 134
926 254 13
1024 628 133
587 739 218
1000 937 152
78 234 199
196 55 20
751 964 203
466 342 51
627 188 2
577 478 122
556 33 72
734 332 29
399 9 145
807 780 210
661 538 112
491 594 21
631 881 239
495 220 238
333 153 126
366 932 251
398 25 133
963 483 109
895 445 218
750 79 126
734 428 135
565 337 156
452 16 205
926 201 247
861 640 23
108 427 183
648 266 91
1001 697 83
895 244 95
427 974 157
955 299 10
700 709 14
723 655 52
874 33 59
273 390 78
815 403 54
142 260 29
337 940 27
106 726 5
717 710 169
777 451 58
939 115 86
446 525 165
44 550 233
139 404 232
852 174 37
141 358 93
469 390 103
1019 317 225
211 903 3
712 43 137
845 188 119
533 472 79
0 645 113
107 428 67
20 531 139
153 428 117
21 728 17
268 525 204
379 231 48
417 163 210
125 537 23
208 126 83
828 804 166
485 105 133
1000 811 185
412 256 97
823 335 205
634 16 127
748 999 102
744 852 233
633 426 76
193 321 227
64 596 22
198 448 210
181 581 168
517 735 151
546 755 14
54 506 79
929 356 168
439 418 66
478 791 136
880 914 47
710 659 42
701 215 161
71 774 167
975 810 196
556 893 120
576 1009 62
272 966 182
359 336 156
556 176 109
151 1002 245
683 956 141
931 198 188
935 441 204
589 715 224
170 418 171
873 926 248
919 885 39
230 845 234
290 116 221
873 54 196
543 819 247
199 250 187
226 970 173
54 652 6
574 7 164
32 548 218
919 608 86
876 114 22
254 465 250
610 485 121
957 169 44
731 617 244
611 885 231
885 210 184
60 837 83
454 323 13
322 323 138
553 587 239
314 863 106
266 599 200
427 927 199
597 907 138
639 808 166
211 997 151
1002 150 58
890 687 226
925 631 116
848 771 134
697 198 197
327 682 9
167 204 239
493 550 220
157 933 177
224 689 160
878 950 5
748 532 130
687 252 74
547 520 234
967 936 164
870 138 81
564 131 132
285 286 247
898 783 75
690 570 100
495 525 191
845 1001 102
342 150 91
690 360 168
1023 815 76
282 232 219
664 286 47
367 941 24
171 577 199
219 986 60
537 798 77
778 299 48
574 108 95
173 75 235
1009 986 120
315 912 193
139 144 31
191 749 151
490 282 22
977 457 169
361 91 220
720 861 166
1008 1012 138
356 781 102
862 908 99
556 998 57
582 223 100
127 767 246
623 193 229
933 92 22
145 878 30
495 62 94
709 1021 135
804 876 4
977 640 19
317 943 132
962 196 41
329 975 34
188 1021 87
71 858 180
289 271 187
810 3 16
209 828 94
661 796 157
853 613 254
106 473 74
730 983 165
92 748 49
359 664 102
331 435 64
781 93 106
847 86 29
264 97 146
480 864 113
863 138 146
904 958 26
226 885 189
108 0 199
391 956 70
241 790 215
792 884 235
651 987 129
257 964 6
29 449 53
953 268 185
790 934 22
181 230 61
850 228 9
936 400 92
458 34 101
868 661 248
791 383 129
198 878 178
805 702 208
558 152 125
308 732 150
774 310 168
279 311 137
673 733 116
950 479 129
631 427 184
457 23 214
764 624 179
646 98 149
426 934 97
592 417 11
386 571 186
944 927 251
289 59 8
1001 734 103
847 340 111
710 402 199
255 369 107
1024 788 63
303 132 130
21 695 104
10 974 56
248 107 60
901 661 7
582 321 244
12 747 27
937 854 136
590 901 128
419 563 132
907 383 197
592 930 62
758 508 1
1001 516 64
606 502 109
479 809 96
102 850 140
705 80 90
90 632 178
166 275 40
123 70 201
650 1024 189
1003 1020 121
895 17 44
866 195 23
16 937 73
964 777 202
834 454 117
1021 97 133
559 129 74
292 476 118
392 28 48
964 179 63
484 607 28
747 624 191
298 621 248
322 812 67
58 875 44
305 437 7
694 868 144
484 71 131
664 368 215
779 832 71
85 198 87
584 258 152
598 209 118
557 493 208
479 658 129
574 282 74
531 282 114
179 712 169
523 59 158
566 864 129
547 943 241
409 122 15
481 77 31
249 770 226
922 154 243
32 46 212
421 70 53
483 647 3
950 774 226
215 236 186
295 799 47
858 27 251
891 148 173
515 36 62
544 193 123
700 776 16
865 69 69
12 610 97
525 114 230
148 650 41
471 46 148
20 916 197
695 253 43
3 110 102
403 691 210
370 782 83
148 437 254
171 719 12
230 441 12
844 447 82
833 519 176
326 832 111
95 534 242
585 981 33
447 378 223
305 8 72
626 564 2
588 575 68
872 315 251
822 953 60
624 721 125
580 451 43
116 967 170
801 610 19
446 380 225
793 934 229
744 197 118
376 182 116
26 375 124
643 88 168
879 522 131
1000 745 172
399 418 82
51 911 69
407 990 53
9 885 166
552 579 24
175 900 160
663 396 124
839 226 95
825 363 202
837 837 71
349 819 131
922 688 44
475 117 22
207 325 160
935 159 84
667 690 237
264 851 193
133 1023 178
376 950 69
999 13 140
209 907 33
735 340 99
174 661 86
717 353 197
137 425 155
850 67 163
889 747 65
490 30 53
865 37 253
992 1003 79
624 206 179
223 55 95
821 278 6
520 235 114
911 840 198
785 186 121
381 112 192
103 257 252
341 979 184
95 530 43
61 96 135
333 241 207
125 822 134
72 161 147
454 606 28
828 760 31
702 386 241
756 802 113
808 195 186
9 712 218
516 249 34
234 937 177
991 443 123
880 470 76
870 577 71
672 321 7
830 445 120
568 310 144
659 848 217
217 884 218
919 679 34
799 645 185
437 418 189
766 349 96
338 238 8
681 154 119
489 429 24
136 954 28
250 372 214
931 166 170
893 472 229
259 1007 11
990 59 142
601 966 20
805 442 146
764 869 71
699 538 8
12 928 139
204 504 195
452 689 237
944 891 36
484 150 53
857 844 105
277 317 154
473 988 99
939 965 6
938 63 230
176 906 198
162 656 192
449 808 130
274 4 92
728 850 27
406 112 2
315 554 157
429 260 188
258 229 208
426 881 18
922 315 189
922 644 247
515 14 83
440 176 76
428 132 230
30 112 116
469 927 76
997 532 254
487 76 234
1013 502 77
760 376 104
623 974 98
664 722 31
6 827 34
715 887 84
268 747 248
1006 649 98
359 855 127
723 530 20
46 603 62
233 849 136
766 68 196
676 507 117
153 205 83
104 436 156
842 793 96
998 825 45
600 149 167
322 240 2
837 473 226
355 865 38
443 778 3
254 592 163
201 729 19
224 21 98
866 193 61
404 899 194
560 348 230
716 681 6
971 899 127
466 304 88
5 104 156
829 581 61
775 46 84
792 287 57
258 378 196
537 5 43
594 839 134
565 48 148
357 342 80
77 807 200
672 75 34
204 306 63
917 617 181
611 643 70
966 201 55
717 482 75
494 769 46
896 298 234
536 860 8
783 771 11
991 941 183
206 739 123
98 973 62
449 869 154
597 376 68
104 637 157
930 137 150
356 397 49
132 904 17
548 675 205
144 654 35
677 438 229
198 987 41
452 10 68
428 162 119
754 10 138
137 915 126
890 113 48
335 71 46
720 871 111
218 342 236
580 969 230
531 51 111
302 885 238
83 494 34
698 130 38
957 510 108
443 158 94
760 1023 152
278 539 171
289 86 5
804 609 77
944 149 253
753 89 39
243 932 217
290 659 22
584 924 211
821 810 145
138 748 104
831 388 14
508 783 160
352 931 215
321 156 15
449 346 176
856 643 68
739 709 28
435 253 47
584 853 115
727 481 115
279 213 196
519 4 98
416 464 8
45 450 91
61 185 243
381 354 95
386 715 6
520 171 49
199 534 14
884 77 163
542 36 200
476 449 152
659 774 221
782 280 24
977 431 87
607 52 7
371 869 224
876 847 155
395 500 27
36 524 166
595 442 219
547 617 180
622 753 139
425 1014 91
585 1021 56
398 190 12
904 953 183
465 540 79
527 638 5
785 472 241
63 788 212
313 738 50
523 242 162
198 924 99
384 849 126
454 60 57
42 819 124
379 206 49
643 202 114
311 380 37
108 15 3
46 843 2
735 501 56
670 84 127
276 371 253
169 1008 207
552 941 101
34 415 19
164 251 65
846 846 210
874 846 163
615 989 91
756 570 142
78 330 69
509 542 75
730 98 163
811 21 77
197 517 17
496 851 202
121 202 125
782 635 161
82 656 169
309 339 62
911 72 119
751 106 122
114 785 27
93 842 205
266 829 110
608 286 14
621 246 253
794 137 66
132 885 85
729 482 194
958 948 155
942 15 168
48 870 65
622 1020 213
786 772 234
914 537 69
500 221 45
899 232 48
722 978 108
304 474 225
793 649 200
971 663 22
995 1015 85
588 276 150
936 374 129
779 25 89
426 169 215
568 96 119
283 567 212
63 748 86
340 475 127
678 17 227
578 20 80
449 634 90
499 968 209
666 19 61
451 850 247
790 15 151
196 104 214
615 348 124
255 389 92
917 349 53
741 441 100
737 18 247
158 963 135
778 326 179
81 212 177
282 855 87
146 735 164
720 589 96
167 58 242
80 677 88
916 727 3
724 864 23
636 893 156
206 19 3
654 358 118
804 777 207
558 488 99
288 555 250
259 364 112
186 848 143
463 69 127
177 291 195
469 973 160
885 464 114
389 440 148
694 834 2
362 673 6
879 851 198
923 498 17
706 719 168
144 754 23
274 3 220
260 420 247
269 878 217
747 289 245
149 245 251
473 785 23
748 761 223
978 750 38
189 508 117
595 282 120
297 717 170
226 693 14
678 349 186
703 43 25
895 311 207
777 823 144
953 458 155
415 404 51
686 173 21
116 274 24
698 681 182
918 286 70
561 525 96
38 588 161
476 493 17
773 220 47
296 645 78
823 818 238
103 32 32
538 103 174
981 827 31
679 215 179
694 763 145
223 511 28
66 773 243
287 140 243
1021 667 66
377 319 136
414 936 50
223 965 29
438 496 224
25 100 121
639 442 231
128 285 227
449 875 74
352 619 212
58 903 75
749 827 83
141 509 221
375 626 165
129 512 139
666 847 231
734 792 36
283 1014 214
734 704 12
843 75 141
2 259 207
83 732 187
655 783 197
402 605 160
206 881 117
790 127 34
217 934 248
277 487 217
347 509 95
576 531 237
104 802 125
841 51 27
454 1017 153
998 224 7
385 728 51
369 247 67
311 766 74
792 611 127
100 614 13
465 805 57
313 400 163
826 712 78
818 639 91
673 173 59
7 666 77
709 500 249
411 470 150
699 220 113
602 505 236
325 399 89
